D 年份  基线 | 跳过>-3% | 跳过>-6% | 跳过>-10%  (逐年收益%, 差=-6%减基线)
2008   -10.6 |  -10.6 |  -10.6 |  -10.6   diff  +0.0
2009   +16.6 |  +16.6 |  +16.6 |  +16.6   diff  +0.0
2010    -0.6 |   -0.6 |   -0.6 |   -0.6   diff  +0.0
2011    +8.3 |   +8.3 |   +8.3 |   +3.5   diff  +0.0
2012   +17.5 |  +17.5 |  +17.5 |  +17.5   diff  +0.0
2013   +11.8 |  +11.8 |  +11.8 |  +13.4   diff  +0.0
2014    +0.8 |   +0.8 |   +0.8 |   +7.8   diff  +0.0
2015   +43.2 |  +43.2 |  +43.2 |  +34.2   diff  +0.0
2016   +11.8 |  +11.8 |  +11.8 |  +11.8   diff  +0.0
2017    +7.9 |   +7.9 |   +5.5 |   +8.0   diff  -2.4
2018    +1.9 |   +1.9 |   +1.9 |   +1.9   diff  -0.0
2019   +14.9 |  +14.9 |  +14.9 |  +14.9   diff  -0.0
2020   +15.7 |  +15.7 |  +16.8 |  +25.5   diff  +1.1
2021   +34.7 |  +43.7 |  +44.0 |  +28.3   diff  +9.3
2022    -1.7 |  +13.5 |  +21.2 |  +24.9   diff +22.9
2023   +29.2 |  +33.6 |  +47.6 |  +22.0   diff +18.4
2024   +47.0 |  +47.0 |  +47.0 |  +12.5   diff  +0.0
2025   +54.2 |  +56.9 |  +48.6 |  +48.6   diff  -5.6
2026   +16.0 |  +16.0 |  +15.8 |  +20.1   diff  -0.2
年数 赢/输/平 4 3 12
D1 年份  基线 | 跳过>-3% | 跳过>-6% | 跳过>-10%  (逐年收益%, 差=-6%减基线)
2008    +7.2 |   +7.2 |   +7.2 |   +7.2   diff  +0.0
2009   +18.7 |  +18.7 |  +18.7 |  +18.7   diff  +0.0
2010    +7.3 |   +7.3 |   +7.3 |   +4.8   diff  +0.0
2011    +7.2 |   +7.2 |   +7.2 |   +4.9   diff  +0.0
2012   +30.9 |  +30.9 |  +30.9 |  +30.9   diff  +0.0
2013    +4.6 |   +4.6 |   +4.6 |   +8.7   diff  +0.0
2014    +6.7 |   +6.7 |   +6.7 |   +8.7   diff  +0.0
2015   +56.0 |  +56.0 |  +56.0 |  +44.4   diff  +0.0
2016   +10.4 |  +10.4 |  +10.4 |  +10.4   diff  +0.0
2017   +12.5 |  +12.5 |   +5.7 |   +9.0   diff  -6.9
2018    +5.2 |   +5.2 |   +5.2 |   +5.2   diff  -0.0
2019   +17.0 |  +17.0 |  +17.0 |  +17.0   diff  -0.0
2020   +15.5 |  +15.5 |  +16.6 |  +24.4   diff  +1.1
2021   +33.8 |  +40.0 |  +43.5 |  +38.6   diff  +9.7
2022    +5.1 |  +24.2 |  +28.6 |  +26.4   diff +23.5
2023   +33.2 |  +35.0 |  +50.0 |  +20.1   diff +16.8
2024   +32.3 |  +32.3 |  +32.3 |  +11.4   diff  +0.0
2025   +34.0 |  +35.8 |  +31.5 |  +31.5   diff  -2.5
2026   +15.5 |  +15.5 |  +16.7 |  +16.9   diff  +1.3
年数 赢/输/平 5 2 12
