年份 |  D不加  D加  差 |  D1不加 D1加  差
2008 |  -10.6  -10.6  +0.0 |   +7.2   +7.2  +0.0
2009 |  +16.6  +16.6  +0.0 |  +18.7  +18.7  +0.0
2010 |   -0.6   -0.6  +0.0 |   +7.3   +7.3  +0.0
2011 |   +8.3   +8.3  +0.0 |   +7.2   +7.2  +0.0
2012 |  +17.5  +17.5  +0.0 |  +30.9  +30.9  +0.0
2013 |  +11.8  +17.7  +5.9 |   +4.6   +9.7  +5.0
2014 |   +0.8   +0.8  +0.0 |   +6.7   +6.7  -0.0
2015 |  +43.2  +43.2  +0.0 |  +56.0  +56.0  -0.0
2016 |  +11.8  +11.8  -0.0 |  +10.4  +10.4  +0.0
2017 |   +7.9   +7.2  -0.7 |  +12.5  +13.0  +0.4
2018 |   +1.9   +2.3  +0.4 |   +5.2   +5.0  -0.1
2019 |  +14.9  +14.9  -0.0 |  +17.0  +17.0  -0.0
2020 |  +15.7  +16.8  +1.1 |  +15.5  +16.6  +1.1
2021 |  +34.7  +44.0  +9.3 |  +33.8  +43.5  +9.7
2022 |   -1.7  +13.5 +15.1 |   +5.1  +24.2 +19.1
2023 |  +29.2  +47.4 +18.2 |  +33.2  +51.4 +18.2
2024 |  +47.0  +47.0  +0.0 |  +32.3  +32.3  +0.0
2025 |  +54.2  +53.4  -0.8 |  +34.0  +35.1  +1.1
2026 |  +16.0  +23.3  +7.3 |  +15.5  +20.0  +4.6
D 年化 15.9 -> 18.8 夏普 0.77 -> 0.88 回撤 -41.9 -> -41.9 交易 2260 -> 2147 有信号日 1131 -> 1033
D1 年化 18.3 -> 21.3 夏普 0.85 -> 0.97 回撤 -36.2 -> -36.2 交易 2263 -> 2148 有信号日 1131 -> 1033
